				Closure 1							Closure 2
theta12         theta13         theta14         theta15         s16             theta13         theta14         theta15         s16            
__________________________________________________________________________________________________________________________________________
0.000		2.0422		0.1706		1.6133		441.5526	3.0196		-1.3920		1.4618		146.8508
1.000		2.0432		0.1787		1.6122		443.2125	3.0256		-1.3932		1.4614		146.7165
2.000		2.0441		0.1869		1.6111		444.8755	3.0316		-1.3944		1.4611		146.5707
3.000		2.0450		0.1952		1.6100		446.5410	3.0376		-1.3958		1.4607		146.4135
4.000		2.0459		0.2035		1.6088		448.2083	3.0436		-1.3973		1.4602		146.2452
5.000		2.0466		0.2119		1.6076		449.8768	3.0496		-1.3988		1.4598		146.0658
6.000		2.0474		0.2202		1.6064		451.5457	3.0556		-1.4005		1.4593		145.8754
7.000		2.0480		0.2287		1.6052		453.2144	3.0616		-1.4023		1.4588		145.6742
8.000		2.0486		0.2371		1.6039		454.8822	3.0676		-1.4041		1.4583		145.4623
9.000		2.0492		0.2456		1.6026		456.5484	3.0735		-1.4061		1.4577		145.2398
10.000		2.0497		0.2541		1.6013		458.2123	3.0795		-1.4081		1.4571		145.0068
11.000		2.0501		0.2627		1.6000		459.8734	3.0855		-1.4103		1.4565		144.7635
12.000		2.0505		0.2713		1.5986		461.5308	3.0914		-1.4125		1.4559		144.5100
13.000		2.0509		0.2799		1.5972		463.1840	3.0974		-1.4148		1.4552		144.2465
14.000		2.0512		0.2885		1.5958		464.8324	3.1033		-1.4173		1.4545		143.9730
15.000		2.0514		0.2972		1.5944		466.4752	3.1092		-1.4198		1.4538		143.6897
16.000		2.0516		0.3058		1.5929		468.1118	3.1150		-1.4224		1.4530		143.3968
17.000		2.0517		0.3145		1.5915		469.7416	3.1209		-1.4251		1.4522		143.0942
18.000		2.0518		0.3232		1.5900		471.3640	3.1267		-1.4279		1.4514		142.7823
19.000		2.0518		0.3320		1.5884		472.9783	3.1325		-1.4309		1.4505		142.4611
20.000		2.0518		0.3407		1.5869		474.5840	3.1382		-1.4338		1.4497		142.1307
21.000		2.0517		0.3494		1.5853		476.1805	-3.1392		-1.4369		1.4488		141.7913
22.000		2.0516		0.3582		1.5837		477.7670	-3.1335		-1.4401		1.4478		141.4430
23.000		2.0514		0.3669		1.5821		479.3432	-3.1279		-1.4434		1.4469		141.0859
24.000		2.0512		0.3757		1.5805		480.9083	-3.1222		-1.4468		1.4459		140.7203
25.000		2.0509		0.3845		1.5788		482.4619	-3.1167		-1.4502		1.4449		140.3461
26.000		2.0506		0.3932		1.5772		484.0034	-3.1111		-1.4538		1.4438		139.9636
27.000		2.0502		0.4020		1.5755		485.5322	-3.1056		-1.4574		1.4428		139.5728
28.000		2.0498		0.4107		1.5738		487.0478	-3.1002		-1.4612		1.4417		139.1740
29.000		2.0493		0.4195		1.5721		488.5497	-3.0948		-1.4650		1.4405		138.7672
30.000		2.0488		0.4282		1.5703		490.0374	-3.0895		-1.4689		1.4394		138.3526
31.000		2.0482		0.4369		1.5686		491.5104	-3.0842		-1.4729		1.4382		137.9303
32.000		2.0476		0.4456		1.5668		492.9682	-3.0790		-1.4770		1.4370		137.5005
33.000		2.0469		0.4543		1.5650		494.4103	-3.0738		-1.4812		1.4357		137.0634
34.000		2.0461		0.4630		1.5632		495.8363	-3.0687		-1.4855		1.4344		136.6189
35.000		2.0454		0.4717		1.5614		497.2458	-3.0636		-1.4899		1.4331		136.1674
36.000		2.0445		0.4803		1.5596		498.6382	-3.0586		-1.4944		1.4318		135.7090
37.000		2.0436		0.4889		1.5577		500.0133	-3.0537		-1.4990		1.4304		135.2437
38.000		2.0427		0.4975		1.5559		501.3706	-3.0489		-1.5036		1.4290		134.7718
39.000		2.0417		0.5060		1.5540		502.7096	-3.0441		-1.5084		1.4276		134.2934
40.000		2.0407		0.5146		1.5522		504.0302	-3.0394		-1.5132		1.4261		133.8086
41.000		2.0396		0.5231		1.5503		505.3318	-3.0347		-1.5182		1.4246		133.3177
42.000		2.0385		0.5315		1.5484		506.6142	-3.0302		-1.5232		1.4231		132.8208
43.000		2.0373		0.5399		1.5465		507.8770	-3.0257		-1.5284		1.4215		132.3180
44.000		2.0360		0.5483		1.5446		509.1199	-3.0213		-1.5336		1.4199		131.8096
45.000		2.0347		0.5566		1.5427		510.3427	-3.0170		-1.5389		1.4183		131.2957
46.000		2.0334		0.5649		1.5408		511.5450	-3.0128		-1.5444		1.4167		130.7764
47.000		2.0320		0.5732		1.5389		512.7266	-3.0087		-1.5499		1.4150		130.2521
48.000		2.0305		0.5814		1.5370		513.8872	-3.0046		-1.5555		1.4133		129.7227
49.000		2.0290		0.5895		1.5350		515.0267	-3.0007		-1.5612		1.4115		129.1887
50.000		2.0274		0.5976		1.5331		516.1449	-2.9969		-1.5671		1.4097		128.6500
51.000		2.0258		0.6057		1.5312		517.2414	-2.9931		-1.5686		1.4092		128.5048
52.000		2.0241		0.6136		1.5293		518.3162	-2.9895		-1.5626		1.4111		129.0604
53.000		2.0224		0.6215		1.5274		519.3691	-2.9859		-1.5565		1.4130		129.6302
54.000		2.0206		0.6294		1.5254		520.4000	-2.9825		-1.5503		1.4149		130.2144
55.000		2.0187		0.6372		1.5235		521.4087	-2.9792		-1.5440		1.4168		130.8132
56.000		2.0168		0.6449		1.5216		522.3951	-2.9760		-1.5376		1.4187		131.4271
57.000		2.0149		0.6525		1.5197		523.3592	-2.9729		-1.5311		1.4207		132.0563
58.000		2.0128		0.6601		1.5178		524.3009	-2.9699		-1.5245		1.4227		132.7010
59.000		2.0108		0.6676		1.5160		525.2201	-2.9670		-1.5178		1.4247		133.3615
60.000		2.0086		0.6750		1.5141		526.1167	-2.9643		-1.5109		1.4268		134.0382
61.000		2.0064		0.6823		1.5122		526.9908	-2.9617		-1.5040		1.4289		134.7314
62.000		2.0041		0.6895		1.5104		527.8424	-2.9592		-1.4970		1.4310		135.4413
63.000		2.0018		0.6967		1.5085		528.6715	-2.9568		-1.4899		1.4331		136.1682
64.000		1.9994		0.7037		1.5067		529.4780	-2.9546		-1.4827		1.4353		136.9125
65.000		1.9969		0.7107		1.5049		530.2621	-2.9525		-1.4754		1.4374		137.6744
66.000		1.9944		0.7175		1.5031		531.0237	-2.9506		-1.4679		1.4396		138.4544
67.000		1.9918		0.7243		1.5014		531.7631	-2.9487		-1.4604		1.4419		139.2525
68.000		1.9892		0.7309		1.4996		532.4802	-2.9471		-1.4528		1.4441		140.0693
69.000		1.9864		0.7375		1.4979		533.1751	-2.9455		-1.4451		1.4464		140.9048
70.000		1.9836		0.7439		1.4962		533.8481	-2.9441		-1.4372		1.4487		141.7596
71.000		1.9808		0.7502		1.4945		534.4991	-2.9429		-1.4293		1.4510		142.6338
72.000		1.9778		0.7564		1.4928		535.1284	-2.9418		-1.4213		1.4533		143.5277
73.000		1.9748		0.7625		1.4912		535.7362	-2.9409		-1.4131		1.4557		144.4417
74.000		1.9718		0.7684		1.4896		536.3224	-2.9401		-1.4049		1.4581		145.3759
75.000		1.9686		0.7742		1.4880		536.8874	-2.9395		-1.3965		1.4605		146.3307
76.000		1.9654		0.7799		1.4865		537.4314	-2.9390		-1.3881		1.4629		147.3063
77.000		1.9621		0.7855		1.4850		537.9544	-2.9387		-1.3795		1.4653		148.3030
78.000		1.9587		0.7909		1.4835		538.4568	-2.9385		-1.3709		1.4678		149.3210
79.000		1.9553		0.7961		1.4820		538.9387	-2.9386		-1.3622		1.4702		150.3605
80.000		1.9517		0.8012		1.4806		539.4003	-2.9387		-1.3533		1.4727		151.4217
81.000		1.9481		0.8062		1.4793		539.8419	-2.9391		-1.3444		1.4752		152.5049
82.000		1.9444		0.8110		1.4779		540.2637	-2.9396		-1.3354		1.4777		153.6101
83.000		1.9406		0.8157		1.4766		540.6658	-2.9403		-1.3262		1.4802		154.7376
84.000		1.9368		0.8201		1.4754		541.0486	-2.9412		-1.3170		1.4828		155.8875
85.000		1.9329		0.8245		1.4742		541.4122	-2.9423		-1.3077		1.4853		157.0599
86.000		1.9288		0.8286		1.4730		541.7568	-2.9435		-1.2983		1.4879		158.2549
87.000		1.9247		0.8326		1.4719		542.0828	-2.9449		-1.2888		1.4905		159.4725
88.000		1.9205		0.8364		1.4708		542.3902	-2.9465		-1.2793		1.4930		160.7127
89.000		1.9162		0.8400		1.4698		542.6793	-2.9482		-1.2696		1.4956		161.9757
90.000		1.9119		0.8434		1.4689		542.9503	-2.9502		-1.2599		1.4982		163.2612
91.000		1.9074		0.8467		1.4679		543.2033	-2.9523		-1.2501		1.5008		164.5693
92.000		1.9029		0.8497		1.4671		543.4385	-2.9546		-1.2402		1.5034		165.8998
93.000		1.8982		0.8525		1.4663		543.6562	-2.9571		-1.2302		1.5060		167.2526
94.000		1.8935		0.8552		1.4655		543.8564	-2.9597		-1.2202		1.5086		168.6275
95.000		1.8887		0.8576		1.4648		544.0392	-2.9626		-1.2101		1.5112		170.0242
96.000		1.8838		0.8598		1.4642		544.2048	-2.9656		-1.1999		1.5137		171.4425
97.000		1.8788		0.8618		1.4636		544.3532	-2.9688		-1.1897		1.5163		172.8819
98.000		1.8737		0.8636		1.4631		544.4845	-2.9722		-1.1794		1.5189		174.3422
99.000		1.8685		0.8652		1.4627		544.5988	-2.9758		-1.1691		1.5215		175.8229
100.000		1.8632		0.8665		1.4623		544.6960	-2.9795		-1.1587		1.5240		177.3234
101.000		1.8578		0.8676		1.4620		544.7761	-2.9835		-1.1483		1.5266		178.8432
102.000		1.8523		0.8685		1.4617		544.8390	-2.9876		-1.1379		1.5291		180.3817
103.000		1.8468		0.8691		1.4616		544.8848	-2.9918		-1.1274		1.5316		181.9381
104.000		1.8411		0.8695		1.4614		544.9132	-2.9963		-1.1169		1.5342		183.5118
105.000		1.8353		0.8697		1.4614		544.9240	-3.0009		-1.1064		1.5366		185.1019
106.000		1.8295		0.8696		1.4614		544.9172	-3.0057		-1.0958		1.5391		186.7076
107.000		1.8235		0.8692		1.4615		544.8925	-3.0106		-1.0853		1.5415		188.3279
108.000		1.8175		0.8686		1.4617		544.8496	-3.0157		-1.0747		1.5440		189.9617
109.000		1.8114		0.8678		1.4619		544.7882	-3.0210		-1.0642		1.5464		191.6080
110.000		1.8051		0.8667		1.4623		544.7080	-3.0264		-1.0536		1.5487		193.2656
111.000		1.7988		0.8653		1.4626		544.6085	-3.0320		-1.0431		1.5511		194.9334
112.000		1.7924		0.8637		1.4631		544.4894	-3.0377		-1.0326		1.5534		196.6099
113.000		1.7859		0.8618		1.4636		544.3501	-3.0435		-1.0222		1.5557		198.2940
114.000		1.7794		0.8596		1.4643		544.1903	-3.0495		-1.0118		1.5579		199.9841
115.000		1.7727		0.8572		1.4650		544.0092	-3.0557		-1.0014		1.5601		201.6788
116.000		1.7660		0.8545		1.4657		543.8065	-3.0619		-0.9911		1.5623		203.3765
117.000		1.7591		0.8516		1.4666		543.5813	-3.0683		-0.9809		1.5644		205.0756
118.000		1.7523		0.8483		1.4675		543.3332	-3.0748		-0.9707		1.5665		206.7745
119.000		1.7453		0.8448		1.4685		543.0614	-3.0814		-0.9606		1.5686		208.4715
120.000		1.7383		0.8411		1.4695		542.7652	-3.0882		-0.9506		1.5706		210.1649
121.000		1.7311		0.8371		1.4707		542.4440	-3.0950		-0.9407		1.5725		211.8528
122.000		1.7240		0.8328		1.4719		542.0968	-3.1019		-0.9309		1.5745		213.5334
123.000		1.7167		0.8282		1.4731		541.7231	-3.1089		-0.9212		1.5763		215.2049
124.000		1.7095		0.8234		1.4745		541.3219	-3.1160		-0.9117		1.5782		216.8654
125.000		1.7021		0.8183		1.4759		540.8926	-3.1232		-0.9022		1.5799		218.5130
126.000		1.6947		0.8130		1.4774		540.4343	-3.1304		-0.8929		1.5817		220.1458
127.000		1.6873		0.8074		1.4789		539.9463	-3.1377		-0.8838		1.5834		221.7618
128.000		1.6798		0.8015		1.4805		539.4277	3.1381		-0.8748		1.5850		223.3591
129.000		1.6723		0.7955		1.4822		538.8778	3.1307		-0.8660		1.5866		224.9358
130.000		1.6648		0.7891		1.4840		538.2959	3.1232		-0.8573		1.5881		226.4900
131.000		1.6572		0.7825		1.4858		537.6813	3.1157		-0.8488		1.5896		228.0198
132.000		1.6497		0.7757		1.4876		537.0332	3.1082		-0.8405		1.5910		229.5234
133.000		1.6421		0.7687		1.4895		536.3510	3.1006		-0.8324		1.5924		230.9989
134.000		1.6345		0.7614		1.4915		535.6342	3.0931		-0.8245		1.5938		232.4445
135.000		1.6269		0.7540		1.4935		534.8821	3.0855		-0.8168		1.5950		233.8585
136.000		1.6193		0.7463		1.4955		534.0942	3.0779		-0.8094		1.5963		235.2391
137.000		1.6118		0.7384		1.4976		533.2701	3.0703		-0.8021		1.5975		236.5848
138.000		1.6042		0.7303		1.4998		532.4095	3.0627		-0.7951		1.5986		237.8939
139.000		1.5967		0.7220		1.5020		531.5119	3.0551		-0.7883		1.5997		239.1650
140.000		1.5892		0.7135		1.5042		530.5772	3.0476		-0.7817		1.6007		240.3965
141.000		1.5817		0.7048		1.5064		529.6052	3.0401		-0.7753		1.6017		241.5872
142.000		1.5743		0.6960		1.5087		528.5958	3.0326		-0.7693		1.6026		242.7356
143.000		1.5669		0.6870		1.5110		527.5490	3.0251		-0.7634		1.6035		243.8407
144.000		1.5596		0.6779		1.5134		526.4648	3.0177		-0.7578		1.6044		244.9013
145.000		1.5524		0.6686		1.5157		525.3435	3.0103		-0.7525		1.6051		245.9163
146.000		1.5452		0.6591		1.5181		524.1853	3.0029		-0.7474		1.6059		246.8848
147.000		1.5381		0.6496		1.5205		522.9905	2.9956		-0.7426		1.6066		247.8060
148.000		1.5311		0.6399		1.5229		521.7596	2.9884		-0.7380		1.6073		248.6790
149.000		1.5242		0.6301		1.5253		520.4930	2.9812		-0.7337		1.6079		249.5031
150.000		1.5174		0.6202		1.5277		519.1913	2.9741		-0.7297		1.6085		250.2779
151.000		1.5106		0.6102		1.5301		517.8552	2.9671		-0.7260		1.6090		251.0027
152.000		1.5040		0.6001		1.5325		516.4854	2.9601		-0.7225		1.6095		251.6771
153.000		1.4975		0.5899		1.5349		515.0828	2.9532		-0.7192		1.6099		252.3009
154.000		1.4911		0.5797		1.5374		513.6483	2.9464		-0.7163		1.6103		252.8738
155.000		1.4849		0.5694		1.5398		512.1827	2.9397		-0.7136		1.6107		253.3956
156.000		1.4787		0.5590		1.5422		510.6872	2.9330		-0.7112		1.6110		253.8662
157.000		1.4727		0.5486		1.5445		509.1627	2.9265		-0.7090		1.6113		254.2857
158.000		1.4669		0.5381		1.5469		507.6105	2.9200		-0.7071		1.6116		254.6541
159.000		1.4612		0.5277		1.5493		506.0317	2.9136		-0.7055		1.6118		254.9715
160.000		1.4556		0.5171		1.5516		504.4275	2.9073		-0.7041		1.6120		255.2383
161.000		1.4502		0.5066		1.5539		502.7993	2.9010		-0.7030		1.6121		255.4545
162.000		1.4449		0.4961		1.5562		501.1482	2.8949		-0.7022		1.6123		255.6207
163.000		1.4398		0.4855		1.5585		499.4756	2.8889		-0.7016		1.6123		255.7372
164.000		1.4349		0.4750		1.5607		497.7828	2.8829		-0.7012		1.6124		255.8044
165.000		1.4301		0.4644		1.5629		496.0712	2.8771		-0.7011		1.6124		255.8229
166.000		1.4255		0.4539		1.5651		494.3423	2.8713		-0.7013		1.6124		255.7933
167.000		1.4210		0.4434		1.5673		492.5972	2.8656		-0.7017		1.6123		255.7161
168.000		1.4168		0.4329		1.5694		490.8375	2.8601		-0.7023		1.6122		255.5920
169.000		1.4127		0.4225		1.5715		489.0645	2.8546		-0.7032		1.6121		255.4218
170.000		1.4087		0.4121		1.5735		487.2796	2.8492		-0.7043		1.6120		255.2061
171.000		1.4050		0.4017		1.5755		485.4841	2.8439		-0.7056		1.6118		254.9456
172.000		1.4014		0.3914		1.5775		483.6794	2.8387		-0.7072		1.6116		254.6413
173.000		1.3980		0.3811		1.5795		481.8668	2.8336		-0.7090		1.6113		254.2939
174.000		1.3948		0.3709		1.5814		480.0476	2.8286		-0.7110		1.6111		253.9042
175.000		1.3918		0.3607		1.5833		478.2231	2.8237		-0.7132		1.6108		253.4732
176.000		1.3889		0.3506		1.5851		476.3945	2.8189		-0.7156		1.6104		253.0017
177.000		1.3863		0.3406		1.5869		474.5631	2.8142		-0.7183		1.6101		252.4907
178.000		1.3838		0.3306		1.5887		472.7301	2.8095		-0.7211		1.6097		251.9410
179.000		1.3815		0.3207		1.5904		470.8966	2.8050		-0.7241		1.6092		251.3536
180.000		1.3794		0.3109		1.5921		469.0638	2.8005		-0.7274		1.6088		250.7294
181.000		1.3774		0.3012		1.5937		467.2328	2.7961		-0.7308		1.6083		250.0694
182.000		1.3757		0.2915		1.5953		465.4045	2.7919		-0.7344		1.6078		249.3746
183.000		1.3741		0.2820		1.5969		463.5801	2.7877		-0.7382		1.6072		248.6459
184.000		1.3727		0.2725		1.5984		461.7604	2.7836		-0.7422		1.6067		247.8843
185.000		1.3715		0.2631		1.5999		459.9466	2.7795		-0.7463		1.6061		247.0907
186.000		1.3704		0.2538		1.6014		458.1393	2.7756		-0.7506		1.6054		246.2662
187.000		1.3695		0.2446		1.6028		456.3396	2.7717		-0.7551		1.6048		245.4117
188.000		1.3688		0.2354		1.6042		454.5483	2.7680		-0.7598		1.6041		244.5282
189.000		1.3683		0.2264		1.6055		452.7660	2.7643		-0.7646		1.6033		243.6166
190.000		1.3680		0.2175		1.6068		450.9937	2.7607		-0.7696		1.6026		242.6779
191.000		1.3678		0.2086		1.6081		449.2320	2.7571		-0.7747		1.6018		241.7132
192.000		1.3677		0.1999		1.6093		447.4815	2.7537		-0.7799		1.6010		240.7232
193.000		1.3679		0.1912		1.6105		445.7429	2.7503		-0.7853		1.6001		239.7090
194.000		1.3682		0.1827		1.6117		444.0169	2.7470		-0.7909		1.5993		238.6716
195.000		1.3687		0.1743		1.6128		442.3040	2.7438		-0.7966		1.5983		237.6117
196.000		1.3693		0.1659		1.6139		440.6047	2.7406		-0.8024		1.5974		236.5305
197.000		1.3701		0.1577		1.6150		438.9195	2.7375		-0.8083		1.5964		235.4287
198.000		1.3710		0.1495		1.6160		437.2490	2.7345		-0.8144		1.5954		234.3073
199.000		1.3721		0.1415		1.6170		435.5935	2.7316		-0.8206		1.5944		233.1672
200.000		1.3733		0.1336		1.6180		433.9535	2.7287		-0.8269		1.5934		232.0093
201.000		1.3747		0.1257		1.6189		432.3294	2.7259		-0.8333		1.5923		230.8344
202.000		1.3763		0.1180		1.6198		430.7215	2.7232		-0.8399		1.5912		229.6434
203.000		1.3779		0.1104		1.6207		429.1302	2.7206		-0.8465		1.5900		228.4371
204.000		1.3798		0.1029		1.6216		427.5557	2.7180		-0.8533		1.5888		227.2164
205.000		1.3817		0.0954		1.6224		425.9985	2.7154		-0.8601		1.5876		225.9821
206.000		1.3838		0.0881		1.6232		424.4587	2.7130		-0.8671		1.5864		224.7350
207.000		1.3860		0.0809		1.6240		422.9365	2.7106		-0.8741		1.5851		223.4760
208.000		1.3884		0.0738		1.6247		421.4323	2.7083		-0.8813		1.5838		222.2057
209.000		1.3909		0.0668		1.6254		419.9463	2.7060		-0.8885		1.5825		220.9251
210.000		1.3935		0.0599		1.6261		418.4785	2.7038		-0.8958		1.5811		219.6347
211.000		1.3962		0.0530		1.6268		417.0292	2.7016		-0.9032		1.5798		218.3355
212.000		1.3991		0.0463		1.6275		415.5986	2.6995		-0.9107		1.5783		217.0281
213.000		1.4021		0.0397		1.6281		414.1867	2.6975		-0.9183		1.5769		215.7132
214.000		1.4052		0.0332		1.6287		412.7938	2.6956		-0.9259		1.5754		214.3916
215.000		1.4084		0.0268		1.6293		411.4200	2.6936		-0.9336		1.5739		213.0640
216.000		1.4117		0.0205		1.6298		410.0652	2.6918		-0.9414		1.5724		211.7309
217.000		1.4151		0.0143		1.6304		408.7297	2.6900		-0.9493		1.5708		210.3932
218.000		1.4187		0.0082		1.6309		407.4136	2.6883		-0.9572		1.5693		209.0515
219.000		1.4223		0.0022		1.6314		406.1168	2.6866		-0.9651		1.5676		207.7063
220.000		1.4261		-0.0037		1.6319		404.8395	2.6850		-0.9732		1.5660		206.3585
221.000		1.4299		-0.0096		1.6323		403.5818	2.6834		-0.9813		1.5643		205.0084
222.000		1.4338		-0.0153		1.6328		402.3436	2.6819		-0.9894		1.5626		203.6569
223.000		1.4379		-0.0209		1.6332		401.1250	2.6804		-0.9976		1.5609		202.3044
224.000		1.4420		-0.0264		1.6336		399.9261	2.6790		-1.0059		1.5592		200.9515
225.000		1.4462		-0.0318		1.6340		398.7469	2.6777		-1.0141		1.5574		199.5989
226.000		1.4505		-0.0372		1.6344		397.5874	2.6764		-1.0225		1.5556		198.2470
227.000		1.4549		-0.0424		1.6347		396.4477	2.6751		-1.0309		1.5538		196.8964
228.000		1.4594		-0.0476		1.6351		395.3277	2.6739		-1.0393		1.5519		195.5477
229.000		1.4639		-0.0526		1.6354		394.2276	2.6728		-1.0477		1.5501		194.2014
230.000		1.4686		-0.0576		1.6357		393.1472	2.6717		-1.0562		1.5482		192.8579
231.000		1.4733		-0.0624		1.6360		392.0867	2.6707		-1.0648		1.5462		191.5177
232.000		1.4781		-0.0672		1.6363		391.0461	2.6697		-1.0733		1.5443		190.1815
233.000		1.4829		-0.0718		1.6366		390.0253	2.6687		-1.0819		1.5423		188.8495
234.000		1.4878		-0.0764		1.6369		389.0243	2.6679		-1.0905		1.5403		187.5223
235.000		1.4928		-0.0809		1.6371		388.0433	2.6670		-1.0991		1.5383		186.2003
236.000		1.4979		-0.0853		1.6374		387.0822	2.6662		-1.1078		1.5363		184.8840
237.000		1.5030		-0.0896		1.6376		386.1410	2.6655		-1.1165		1.5342		183.5738
238.000		1.5082		-0.0938		1.6378		385.2197	2.6648		-1.1252		1.5322		182.2701
239.000		1.5134		-0.0979		1.6381		384.3184	2.6642		-1.1339		1.5301		180.9733
240.000		1.5187		-0.1019		1.6383		383.4371	2.6636		-1.1426		1.5280		179.6837
241.000		1.5240		-0.1058		1.6385		382.5757	2.6631		-1.1513		1.5259		178.4019
242.000		1.5294		-0.1096		1.6386		381.7344	2.6626		-1.1601		1.5237		177.1281
243.000		1.5349		-0.1134		1.6388		380.9131	2.6622		-1.1688		1.5215		175.8627
244.000		1.5403		-0.1170		1.6390		380.1119	2.6618		-1.1776		1.5194		174.6060
245.000		1.5459		-0.1206		1.6391		379.3308	2.6615		-1.1863		1.5172		173.3585
246.000		1.5514		-0.1240		1.6393		378.5699	2.6612		-1.1951		1.5150		172.1203
247.000		1.5571		-0.1274		1.6394		377.8291	2.6610		-1.2039		1.5127		170.8919
248.000		1.5627		-0.1307		1.6396		377.1085	2.6608		-1.2126		1.5105		169.6736
249.000		1.5684		-0.1339		1.6397		376.4083	2.6607		-1.2214		1.5083		168.4656
250.000		1.5741		-0.1369		1.6398		375.7283	2.6606		-1.2301		1.5060		167.2682
251.000		1.5799		-0.1399		1.6399		375.0687	2.6606		-1.2388		1.5037		166.0817
252.000		1.5857		-0.1428		1.6401		374.4295	2.6606		-1.2475		1.5014		164.9063
253.000		1.5915		-0.1457		1.6402		373.8108	2.6607		-1.2563		1.4992		163.7424
254.000		1.5974		-0.1484		1.6403		373.2127	2.6608		-1.2649		1.4968		162.5902
255.000		1.6032		-0.1510		1.6404		372.6352	2.6610		-1.2736		1.4945		161.4499
256.000		1.6091		-0.1535		1.6404		372.0785	2.6612		-1.2823		1.4922		160.3217
257.000		1.6150		-0.1560		1.6405		371.5424	2.6615		-1.2909		1.4899		159.2058
258.000		1.6210		-0.1583		1.6406		371.0273	2.6619		-1.2995		1.4876		158.1026
259.000		1.6269		-0.1605		1.6407		370.5331	2.6623		-1.3081		1.4852		157.0121
260.000		1.6329		-0.1627		1.6407		370.0600	2.6627		-1.3167		1.4829		155.9345
261.000		1.6388		-0.1647		1.6408		369.6081	2.6632		-1.3252		1.4805		154.8701
262.000		1.6448		-0.1667		1.6409		369.1773	2.6638		-1.3337		1.4782		153.8190
263.000		1.6508		-0.1685		1.6409		368.7680	2.6644		-1.3421		1.4758		152.7814
264.000		1.6568		-0.1703		1.6410		368.3801	2.6650		-1.3506		1.4735		151.7574
265.000		1.6628		-0.1720		1.6410		368.0138	2.6658		-1.3589		1.4711		150.7471
266.000		1.6688		-0.1735		1.6411		367.6692	2.6665		-1.3673		1.4688		149.7508
267.000		1.6748		-0.1750		1.6411		367.3465	2.6674		-1.3756		1.4664		148.7685
268.000		1.6808		-0.1763		1.6411		367.0457	2.6683		-1.3838		1.4641		147.8004
269.000		1.6868		-0.1776		1.6412		366.7670	2.6692		-1.3921		1.4617		146.8465
270.000		1.6928		-0.1788		1.6412		366.5105	2.6702		-1.4002		1.4594		145.9069
271.000		1.6988		-0.1798		1.6412		366.2765	2.6713		-1.4083		1.4571		144.9818
272.000		1.7048		-0.1808		1.6413		366.0649	2.6724		-1.4164		1.4547		144.0713
273.000		1.7108		-0.1817		1.6413		365.8760	2.6736		-1.4244		1.4524		143.1754
274.000		1.7167		-0.1824		1.6413		365.7099	2.6748		-1.4324		1.4501		142.2941
275.000		1.7227		-0.1831		1.6413		365.5668	2.6761		-1.4403		1.4478		141.4276
276.000		1.7286		-0.1836		1.6413		365.4468	2.6775		-1.4481		1.4455		140.5758
277.000		1.7345		-0.1840		1.6413		365.3501	2.6789		-1.4559		1.4432		139.7389
278.000		1.7404		-0.1844		1.6413		365.2768	2.6804		-1.4636		1.4409		138.9169
279.000		1.7463		-0.1846		1.6413		365.2271	2.6819		-1.4712		1.4387		138.1097
280.000		1.7521		-0.1847		1.6414		365.2011	2.6835		-1.4788		1.4364		137.3174
281.000		1.7579		-0.1847		1.6414		365.1991	2.6852		-1.4863		1.4342		136.5401
282.000		1.7637		-0.1846		1.6413		365.2212	2.6870		-1.4937		1.4320		135.7776
283.000		1.7695		-0.1844		1.6413		365.2675	2.6888		-1.5011		1.4298		135.0301
284.000		1.7752		-0.1841		1.6413		365.3382	2.6906		-1.5083		1.4276		134.2974
285.000		1.7809		-0.1837		1.6413		365.4335	2.6925		-1.5155		1.4254		133.5796
286.000		1.7866		-0.1831		1.6413		365.5535	2.6945		-1.5227		1.4233		132.8767
287.000		1.7922		-0.1825		1.6413		365.6984	2.6966		-1.5297		1.4211		132.1885
288.000		1.7978		-0.1817		1.6413		365.8683	2.6987		-1.5367		1.4190		131.5152
289.000		1.8034		-0.1808		1.6413		366.0634	2.7009		-1.5435		1.4169		130.8565
290.000		1.8089		-0.1798		1.6412		366.2839	2.7032		-1.5503		1.4149		130.2125
291.000		1.8144		-0.1787		1.6412		366.5298	2.7055		-1.5570		1.4128		129.5830
292.000		1.8198		-0.1775		1.6412		366.8014	2.7079		-1.5636		1.4108		128.9681
293.000		1.8252		-0.1761		1.6411		367.0987	2.7104		-1.5701		1.4088		128.3676
294.000		1.8305		-0.1746		1.6411		367.4218	2.7129		-1.5651		1.4103		128.8343
295.000		1.8358		-0.1731		1.6410		367.7710	2.7156		-1.5587		1.4123		129.4214
296.000		1.8411		-0.1714		1.6410		368.1463	2.7182		-1.5525		1.4142		130.0048
297.000		1.8463		-0.1695		1.6409		368.5478	2.7210		-1.5464		1.4160		130.5840
298.000		1.8514		-0.1676		1.6409		368.9757	2.7238		-1.5404		1.4179		131.1587
299.000		1.8565		-0.1655		1.6408		369.4299	2.7267		-1.5345		1.4197		131.7283
300.000		1.8615		-0.1634		1.6408		369.9107	2.7297		-1.5286		1.4214		132.2925
301.000		1.8665		-0.1611		1.6407		370.4180	2.7327		-1.5229		1.4232		132.8510
302.000		1.8714		-0.1586		1.6406		370.9519	2.7358		-1.5173		1.4249		133.4033
303.000		1.8763		-0.1561		1.6405		371.5125	2.7390		-1.5118		1.4265		133.9491
304.000		1.8811		-0.1534		1.6404		372.0998	2.7422		-1.5064		1.4282		134.4880
305.000		1.8858		-0.1506		1.6403		372.7138	2.7455		-1.5012		1.4297		135.0196
306.000		1.8905		-0.1477		1.6402		373.3545	2.7489		-1.4960		1.4313		135.5436
307.000		1.8951		-0.1447		1.6401		374.0220	2.7524		-1.4910		1.4328		136.0597
308.000		1.8997		-0.1415		1.6400		374.7162	2.7559		-1.4860		1.4343		136.5674
309.000		1.9042		-0.1383		1.6399		375.4370	2.7595		-1.4812		1.4357		137.0665
310.000		1.9086		-0.1349		1.6398		376.1845	2.7632		-1.4765		1.4371		137.5566
311.000		1.9130		-0.1314		1.6396		376.9586	2.7670		-1.4719		1.4385		138.0375
312.000		1.9173		-0.1277		1.6395		377.7591	2.7708		-1.4674		1.4398		138.5089
313.000		1.9215		-0.1240		1.6393		378.5860	2.7747		-1.4631		1.4411		138.9703
314.000		1.9257		-0.1201		1.6391		379.4392	2.7786		-1.4588		1.4423		139.4217
315.000		1.9298		-0.1161		1.6389		380.3186	2.7826		-1.4547		1.4436		139.8626
316.000		1.9338		-0.1120		1.6388		381.2239	2.7867		-1.4507		1.4447		140.2929
317.000		1.9377		-0.1077		1.6386		382.1551	2.7909		-1.4468		1.4459		140.7123
318.000		1.9416		-0.1034		1.6383		383.1120	2.7951		-1.4431		1.4470		141.1206
319.000		1.9454		-0.0989		1.6381		384.0943	2.7994		-1.4394		1.4480		141.5175
320.000		1.9492		-0.0943		1.6379		385.1018	2.8038		-1.4359		1.4491		141.9028
321.000		1.9529		-0.0896		1.6376		386.1344	2.8082		-1.4325		1.4501		142.2764
322.000		1.9565		-0.0848		1.6374		387.1917	2.8127		-1.4293		1.4510		142.6381
323.000		1.9600		-0.0798		1.6371		388.2735	2.8173		-1.4261		1.4519		142.9877
324.000		1.9635		-0.0748		1.6368		389.3794	2.8219		-1.4231		1.4528		143.3249
325.000		1.9668		-0.0696		1.6365		390.5093	2.8266		-1.4202		1.4536		143.6498
326.000		1.9702		-0.0643		1.6362		391.6627	2.8313		-1.4174		1.4545		143.9621
327.000		1.9734		-0.0590		1.6358		392.8393	2.8361		-1.4147		1.4552		144.2618
328.000		1.9766		-0.0535		1.6355		394.0388	2.8410		-1.4122		1.4560		144.5487
329.000		1.9797		-0.0479		1.6351		395.2607	2.8459		-1.4097		1.4567		144.8227
330.000		1.9827		-0.0422		1.6347		396.5047	2.8509		-1.4074		1.4573		145.0837
331.000		1.9857		-0.0363		1.6343		397.7704	2.8559		-1.4053		1.4580		145.3317
332.000		1.9886		-0.0304		1.6339		399.0573	2.8610		-1.4032		1.4585		145.5666
333.000		1.9914		-0.0244		1.6335		400.3650	2.8661		-1.4013		1.4591		145.7883
334.000		1.9942		-0.0183		1.6330		401.6931	2.8713		-1.3994		1.4596		145.9969
335.000		1.9968		-0.0121		1.6325		403.0410	2.8766		-1.3977		1.4601		146.1922
336.000		1.9994		-0.0057		1.6320		404.4083	2.8819		-1.3962		1.4606		146.3742
337.000		2.0020		0.0007		1.6315		405.7945	2.8872		-1.3947		1.4610		146.5430
338.000		2.0045		0.0072		1.6310		407.1990	2.8926		-1.3933		1.4614		146.6985
339.000		2.0069		0.0138		1.6304		408.6213	2.8980		-1.3921		1.4617		146.8407
340.000		2.0092		0.0205		1.6298		410.0609	2.9035		-1.3910		1.4620		146.9697
341.000		2.0115		0.0273		1.6292		411.5172	2.9090		-1.3900		1.4623		147.0855
342.000		2.0136		0.0341		1.6286		412.9897	2.9146		-1.3891		1.4626		147.1880
343.000		2.0158		0.0411		1.6279		414.4777	2.9202		-1.3883		1.4628		147.2774
344.000		2.0178		0.0481		1.6273		415.9808	2.9258		-1.3877		1.4630		147.3537
345.000		2.0198		0.0552		1.6266		417.4982	2.9315		-1.3871		1.4631		147.4170
346.000		2.0218		0.0624		1.6259		419.0293	2.9372		-1.3867		1.4633		147.4672
347.000		2.0236		0.0697		1.6251		420.5737	2.9429		-1.3864		1.4634		147.5045
348.000		2.0254		0.0771		1.6244		422.1305	2.9487		-1.3862		1.4634		147.5289
349.000		2.0272		0.0845		1.6236		423.6993	2.9544		-1.3861		1.4635		147.5406
350.000		2.0288		0.0920		1.6228		425.2793	2.9603		-1.3861		1.4634		147.5395
351.000		2.0305		0.0996		1.6219		426.8699	2.9661		-1.3862		1.4634		147.5258
352.000		2.0320		0.1072		1.6211		428.4704	2.9720		-1.3864		1.4634		147.4996
353.000		2.0335		0.1149		1.6202		430.0803	2.9779		-1.3868		1.4633		147.4610
354.000		2.0349		0.1227		1.6193		431.6987	2.9838		-1.3872		1.4631		147.4100
355.000		2.0363		0.1305		1.6184		433.3251	2.9897		-1.3877		1.4630		147.3467
356.000		2.0376		0.1384		1.6174		434.9588	2.9957		-1.3884		1.4628		147.2714
357.000		2.0388		0.1464		1.6164		436.5990	3.0016		-1.3891		1.4626		147.1840
358.000		2.0400		0.1544		1.6154		438.2452	3.0076		-1.3900		1.4623		147.0847
359.000		2.0411		0.1625		1.6144		439.8966	3.0136		-1.3910		1.4621		146.9736
